0   100   10000   10000   10000   10000   10000   10000   10000   10000   10000   10000   10000   500   10000   10000
100   0   10000   10000   10000   10000   10000   10000   10000   10000   10000   10000   10000   10000   10000   10000
10000   10000   0   10000   10000   10000   10000   10000   10000   10000   10000   10000   10000   10000   10000   10000
10000   10000   10000   0   10000   10000   10000   10000   10000   10000   10000   10000   10000   10000   10000   10000
10000   10000   10000   10000   0   10000   10000   10000   10000   10000   10000   10000   10000   10000   10000   10000
10000   10000   10000   10000   10000   0   10000   10000   10000   10000   10000   10000   10000   10000   10000   10000
10000   10000   10000   10000   10000   10000   0   10000   10000   10000   10000   10000   10000   10000   10000   10000
10000   10000   10000   10000   10000   10000   10000   0   10000   10000   10000   10000   10000   10000   10000   10000
10000   10000   10000   10000   10000   10000   10000   10000   0   10000   10000   10000   10000   500   10000   10000
10000   10000   10000   10000   10000   10000   10000   10000   10000   0   10000   10000   10000   10000   10000   10000
10000   10000   10000   10000   10000   10000   10000   10000   10000   10000   0   10000   10000   10000   10000   10000
10000   10000   10000   10000   10000   10000   10000   10000   10000   10000   10000   0   10000   10000   10000   10000
10000   10000   10000   10000   10000   10000   10000   10000   10000   10000   10000   10000   0   10000   10000   10000
500   10000   10000   10000   10000   10000   10000   10000   500   10000   10000   10000   10000   0   10000   10000
10000   10000   10000   10000   10000   10000   10000   10000   10000   10000   10000   10000   10000   10000   0   10000
10000   10000   10000   10000   10000   10000   10000   10000   10000   10000   10000   10000   10000   10000   10000   0

0   10000   10000   10000   10000   10000   10000   10000   10000   10000   10000   10000   10000   10000   10000   10000
10000   0   10000   10000   10000   10000   10000   10000   10000   10000   10000   10000   10000   10000   10000   600
10000   10000   0   10000   10000   10000   10000   10000   10000   10000   10000   10000   10000   10000   10000   10000
10000   10000   10000   0   10000   10000   10000   10000   10000   10000   10000   10000   10000   10000   10000   10000
10000   10000   10000   10000   0   10000   10000   10000   10000   10000   10000   10000   10000   10000   10000   10000
10000   10000   10000   10000   10000   0   10000   10000   10000   10000   10000   10000   10000   10000   10000   10000
10000   10000   10000   10000   10000   10000   0   300   300   10000   10000   10000   10000   10000   10000   10000
10000   10000   10000   10000   10000   10000   300   0   10000   10000   10000   10000   10000   10000   10000   10000
10000   10000   10000   10000   10000   10000   300   10000   0   10000   10000   10000   10000   10000   10000   400
10000   10000   10000   10000   10000   10000   10000   10000   10000   0   10000   10000   10000   10000   10000   10000
10000   10000   10000   10000   10000   10000   10000   10000   10000   10000   0   10000   10000   10000   10000   10000
10000   10000   10000   10000   10000   10000   10000   10000   10000   10000   10000   0   10000   10000   10000   10000
10000   10000   10000   10000   10000   10000   10000   10000   10000   10000   10000   10000   0   10000   10000   10000
10000   10000   10000   10000   10000   10000   10000   10000   10000   10000   10000   10000   10000   0   10000   10000
10000   10000   10000   10000   10000   10000   10000   10000   10000   10000   10000   10000   10000   10000   0   10000
10000   600   10000   10000   10000   10000   10000   10000   400   10000   10000   10000   10000   10000   10000   0

0   10000   10000   10000   10000   10000   10000   10000   10000   10000   10000   10000   10000   10000   10000   10000
10000   0   10000   400   10000   10000   10000   10000   10000   10000   10000   10000   10000   10000   10000   10000
10000   10000   0   10000   10000   10000   10000   10000   10000   10000   10000   10000   10000   10000   10000   10000
10000   400   10000   0   10000   400   10000   10000   10000   10000   10000   10000   10000   10000   10000   10000
10000   10000   10000   10000   0   10000   10000   10000   10000   10000   10000   10000   10000   10000   10000   10000
10000   10000   10000   400   10000   0   400   10000   10000   10000   10000   10000   10000   10000   10000   10000
10000   10000   10000   10000   10000   400   0   10000   300   10000   10000   10000   10000   10000   10000   10000
10000   10000   10000   10000   10000   10000   10000   0   10000   10000   10000   10000   10000   10000   10000   10000
10000   10000   10000   10000   10000   10000   300   10000   0   10000   10000   10000   10000   10000   10000   10000
10000   10000   10000   10000   10000   10000   10000   10000   10000   0   10000   10000   10000   10000   10000   10000
10000   10000   10000   10000   10000   10000   10000   10000   10000   10000   0   10000   10000   10000   10000   10000
10000   10000   10000   10000   10000   10000   10000   10000   10000   10000   10000   0   10000   10000   10000   10000
10000   10000   10000   10000   10000   10000   10000   10000   10000   10000   10000   10000   0   10000   10000   10000
10000   10000   10000   10000   10000   10000   10000   10000   10000   10000   10000   10000   10000   0   10000   10000
10000   10000   10000   10000   10000   10000   10000   10000   10000   10000   10000   10000   10000   10000   0   10000
10000   10000   10000   10000   10000   10000   10000   10000   10000   10000   10000   10000   10000   10000   10000   0

0   10000   10000   10000   10000   10000   10000   10000   10000   10000   10000   10000   10000   10000   10000   10000
10000   0   10000   10000   10000   10000   10000   10000   10000   10000   10000   10000   10000   10000   10000   10000
10000   10000   0   10000   10000   10000   10000   10000   10000   10000   10000   10000   10000   10000   10000   10000
10000   10000   10000   0   10000   10000   10000   10000   10000   10000   10000   10000   500   10000   10000   10000
10000   10000   10000   10000   0   10000   10000   10000   10000   10000   10000   300   10000   10000   10000   10000
10000   10000   10000   10000   10000   0   10000   10000   10000   10000   10000   10000   10000   10000   10000   10000
10000   10000   10000   10000   10000   10000   0   10000   10000   10000   10000   10000   10000   10000   10000   10000
10000   10000   10000   10000   10000   10000   10000   0   10000   10000   10000   10000   10000   10000   10000   10000
10000   10000   10000   10000   10000   10000   10000   10000   0   10000   10000   10000   10000   10000   10000   10000
10000   10000   10000   10000   10000   10000   10000   10000   10000   0   10000   10000   10000   10000   10000   10000
10000   10000   10000   10000   10000   10000   10000   10000   10000   10000   0   10000   10000   10000   10000   10000
10000   10000   10000   10000   300   10000   10000   10000   10000   10000   10000   0   500   10000   10000   10000
10000   10000   10000   500   10000   10000   10000   10000   10000   10000   10000   500   0   10000   10000   10000
10000   10000   10000   10000   10000   10000   10000   10000   10000   10000   10000   10000   10000   0   10000   10000
10000   10000   10000   10000   10000   10000   10000   10000   10000   10000   10000   10000   10000   10000   0   10000
10000   10000   10000   10000   10000   10000   10000   10000   10000   10000   10000   10000   10000   10000   10000   0

0   10000   10000   10000   10000   10000   10000   10000   10000   10000   10000   10000   10000   10000   10000   10000
10000   0   10000   10000   10000   10000   10000   10000   10000   10000   10000   10000   10000   10000   10000   10000
10000   10000   0   10000   10000   10000   10000   10000   10000   10000   10000   10000   10000   10000   10000   10000
10000   10000   10000   0   10000   10000   10000   10000   10000   10000   10000   10000   10000   10000   10000   10000
10000   10000   10000   10000   0   10000   10000   10000   10000   10000   10000   10000   10000   10000   10000   10000
10000   10000   10000   10000   10000   0   10000   10000   10000   10000   10000   10000   10000   10000   10000   10000
10000   10000   10000   10000   10000   10000   0   300   300   10000   10000   10000   10000   10000   10000   10000
10000   10000   10000   10000   10000   10000   300   0   10000   10000   10000   200   10000   10000   10000   10000
10000   10000   10000   10000   10000   10000   300   10000   0   10000   10000   10000   10000   10000   10000   10000
10000   10000   10000   10000   10000   10000   10000   10000   10000   0   10000   10000   10000   10000   10000   10000
10000   10000   10000   10000   10000   10000   10000   10000   10000   10000   0   500   10000   10000   10000   10000
10000   10000   10000   10000   10000   10000   10000   200   10000   10000   500   0   10000   10000   10000   10000
10000   10000   10000   10000   10000   10000   10000   10000   10000   10000   10000   10000   0   10000   10000   10000
10000   10000   10000   10000   10000   10000   10000   10000   10000   10000   10000   10000   10000   0   10000   10000
10000   10000   10000   10000   10000   10000   10000   10000   10000   10000   10000   10000   10000   10000   0   10000
10000   10000   10000   10000   10000   10000   10000   10000   10000   10000   10000   10000   10000   10000   10000   0