0   100   10000   10000   10000   10000   10000   10000   10000   10000   10000   10000   10000   500   10000   10000
100   0   10000   10000   10000   10000   10000   10000   10000   10000   10000   10000   10000   10000   10000   10000
10000   10000   0   10000   10000   10000   10000   10000   10000   10000   10000   10000   10000   10000   10000   10000
10000   10000   10000   0   10000   10000   10000   10000   10000   10000   10000   10000   10000   10000   10000   10000
10000   10000   10000   10000   0   10000   10000   10000   10000   10000   10000   10000   10000   10000   10000   10000
10000   10000   10000   10000   10000   0   10000   10000   10000   10000   10000   10000   10000   10000   10000   10000
10000   10000   10000   10000   10000   10000   0   10000   10000   10000   10000   10000   10000   10000   10000   10000
10000   10000   10000   10000   10000   10000   10000   0   10000   10000   10000   10000   10000   10000   10000   10000
10000   10000   10000   10000   10000   10000   10000   10000   0   10000   10000   10000   10000   500   10000   10000
10000   10000   10000   10000   10000   10000   10000   10000   10000   0   10000   10000   10000   10000   10000   10000
10000   10000   10000   10000   10000   10000   10000   10000   10000   10000   0   10000   10000   10000   10000   10000
10000   10000   10000   10000   10000   10000   10000   10000   10000   10000   10000   0   10000   10000   10000   10000
10000   10000   10000   10000   10000   10000   10000   10000   10000   10000   10000   10000   0   10000   10000   10000
500   10000   10000   10000   10000   10000   10000   10000   500   10000   10000   10000   10000   0   10000   10000
10000   10000   10000   10000   10000   10000   10000   10000   10000   10000   10000   10000   10000   10000   0   10000
10000   10000   10000   10000   10000   10000   10000   10000   10000   10000   10000   10000   10000   10000   10000   0