0   10000   10000   10000   10000   10000   10000   10000   10000   10000   10000   10000   10000   10000   10000   10000
10000   0   10000   10000   10000   10000   10000   10000   10000   10000   10000   10000   10000   10000   10000   600
10000   10000   0   10000   10000   10000   10000   10000   10000   10000   10000   10000   10000   10000   10000   10000
10000   10000   10000   0   10000   10000   10000   10000   10000   10000   10000   10000   10000   10000   10000   10000
10000   10000   10000   10000   0   10000   10000   10000   10000   10000   10000   10000   10000   10000   10000   10000
10000   10000   10000   10000   10000   0   10000   10000   10000   10000   10000   10000   10000   10000   10000   10000
10000   10000   10000   10000   10000   10000   0   300   300   10000   10000   10000   10000   10000   10000   10000
10000   10000   10000   10000   10000   10000   300   0   10000   10000   10000   10000   10000   10000   10000   10000
10000   10000   10000   10000   10000   10000   300   10000   0   10000   10000   10000   10000   10000   10000   400
10000   10000   10000   10000   10000   10000   10000   10000   10000   0   10000   10000   10000   10000   10000   10000
10000   10000   10000   10000   10000   10000   10000   10000   10000   10000   0   10000   10000   10000   10000   10000
10000   10000   10000   10000   10000   10000   10000   10000   10000   10000   10000   0   10000   10000   10000   10000
10000   10000   10000   10000   10000   10000   10000   10000   10000   10000   10000   10000   0   10000   10000   10000
10000   10000   10000   10000   10000   10000   10000   10000   10000   10000   10000   10000   10000   0   10000   10000
10000   10000   10000   10000   10000   10000   10000   10000   10000   10000   10000   10000   10000   10000   0   10000
10000   600   10000   10000   10000   10000   10000   10000   400   10000   10000   10000   10000   10000   10000   0