0   10000   10000   10000   10000   10000   10000   10000   10000   10000   10000   10000   10000   10000   10000   10000
10000   0   10000   400   10000   10000   10000   10000   10000   10000   10000   10000   10000   10000   10000   10000
10000   10000   0   10000   10000   10000   10000   10000   10000   10000   10000   10000   10000   10000   10000   10000
10000   400   10000   0   10000   400   10000   10000   10000   10000   10000   10000   10000   10000   10000   10000
10000   10000   10000   10000   0   10000   10000   10000   10000   10000   10000   10000   10000   10000   10000   10000
10000   10000   10000   400   10000   0   400   10000   10000   10000   10000   10000   10000   10000   10000   10000
10000   10000   10000   10000   10000   400   0   10000   300   10000   10000   10000   10000   10000   10000   10000
10000   10000   10000   10000   10000   10000   10000   0   10000   10000   10000   10000   10000   10000   10000   10000
10000   10000   10000   10000   10000   10000   300   10000   0   10000   10000   10000   10000   10000   10000   10000
10000   10000   10000   10000   10000   10000   10000   10000   10000   0   10000   10000   10000   10000   10000   10000
10000   10000   10000   10000   10000   10000   10000   10000   10000   10000   0   10000   10000   10000   10000   10000
10000   10000   10000   10000   10000   10000   10000   10000   10000   10000   10000   0   10000   10000   10000   10000
10000   10000   10000   10000   10000   10000   10000   10000   10000   10000   10000   10000   0   10000   10000   10000
10000   10000   10000   10000   10000   10000   10000   10000   10000   10000   10000   10000   10000   0   10000   10000
10000   10000   10000   10000   10000   10000   10000   10000   10000   10000   10000   10000   10000   10000   0   10000
10000   10000   10000   10000   10000   10000   10000   10000   10000   10000   10000   10000   10000   10000   10000   0